Profile 1             
x       y           
[m]     [m]         
0  1.7889093e-09            
9.7030722e-09  1.7093967e-09            
1.9406144e-08  1.4622795e-09            
2.9109217e-08  1.1451277e-09            
3.8812289e-08  8.2277896e-10            
4.8515361e-08  5.7848327e-10            
5.8218433e-08  4.4682244e-10            
6.7921506e-08  3.8997686e-10            
7.7624578e-08  3.9037934e-10            
8.732765e-08  4.0498427e-10            
9.7030722e-08  4.1725495e-10            
1.0673379e-07  4.121711e-10            
1.1643687e-07  3.8159249e-10            
1.2613994e-07  3.5318255e-10            
1.3584301e-07  3.2373876e-10            
1.4554608e-07  2.8651798e-10            
1.5524916e-07  2.3163153e-10            
1.6495223e-07  1.2699282e-10            
1.746553e-07  -1.4230722e-11            
1.8435837e-07  -1.2032218e-10            
1.9406144e-07  -1.5352988e-10            
2.0376452e-07  -9.6329147e-11            
2.1346759e-07  1.9339082e-11            
2.2317066e-07  9.8608793e-11            
2.3287373e-07  1.0011864e-10            
2.4257681e-07  1.7802569e-11            
2.5227988e-07  -1.0446853e-10            
2.6198295e-07  -2.0226493e-10            
2.7168602e-07  -2.6804255e-10            
2.8138909e-07  -2.9074468e-10            
2.9109217e-07  -3.1035577e-10            
3.0079524e-07  -3.3987539e-10            
3.1049831e-07  -3.4590093e-10            
3.2020138e-07  -3.1297146e-10            
3.2990446e-07  -1.8924041e-10            
3.3960753e-07  -1.1800356e-11            
3.493106e-07  1.8454494e-10            
3.5901367e-07  3.3388727e-10            
3.6871674e-07  3.8612722e-10            
3.7841982e-07  4.2544725e-10            
3.8812289e-07  4.2772696e-10            
3.9782596e-07  4.3732963e-10            
4.0752903e-07  4.4388157e-10            
4.1723211e-07  3.2663781e-10            
4.2693518e-07  1.663268e-10            
4.3663825e-07  -3.2404802e-11            
4.4634132e-07  -2.3177258e-10            
4.5604439e-07  -3.6293979e-10            
4.6574747e-07  -5.0565669e-10            
4.7545054e-07  -6.5525933e-10            
4.8515361e-07  -8.2875516e-10            
4.9485668e-07  -9.6123019e-10            
5.0455976e-07  -9.8867802e-10            
5.1426283e-07  -9.2099772e-10            
5.239659e-07  -7.2935781e-10            
5.3366897e-07  -4.940496e-10            
5.4337205e-07  -2.4343256e-10            
5.5307512e-07  3.5329822e-11            
5.6277819e-07  3.2916806e-10            
5.7248126e-07  6.3297095e-10            
5.8218433e-07  9.4059571e-10            
5.9188741e-07  1.2424191e-09            
6.0159048e-07  1.536851e-09            
6.1129355e-07  1.7874759e-09            
6.2099662e-07  1.9875351e-09            
6.306997e-07  2.1316936e-09            
6.4040277e-07  2.1989427e-09            
6.5010584e-07  2.2606622e-09            
6.5980891e-07  2.2731909e-09            
6.6951198e-07  2.196397e-09            
6.7921506e-07  1.9920396e-09            
6.8891813e-07  1.657249e-09            
6.986212e-07  1.2406155e-09            
7.0832427e-07  7.5262918e-10            
7.1802735e-07  2.1159476e-10            
7.2773042e-07  -3.7832916e-10            
7.3743349e-07  -9.9046998e-10            
7.4713656e-07  -1.5783494e-09            
7.5683963e-07  -2.1074936e-09            
7.6654271e-07  -2.6195187e-09            
7.7624578e-07  -3.137304e-09            
7.8594885e-07  -3.643948e-09            
7.9565192e-07  -4.1388549e-09            
8.05355e-07  -4.6243311e-09            
8.1505807e-07  -5.0699443e-09            
8.2476114e-07  -5.4598334e-09            
8.3446421e-07  -5.6897761e-09            
8.4416728e-07  -5.645851e-09            
8.5387036e-07  -5.3384206e-09            
8.6357343e-07  -4.8210698e-09            
8.732765e-07  -4.2859793e-09            
8.8297957e-07  -3.7891955e-09            
8.9268265e-07  -3.2781817e-09            
9.0238572e-07  -2.6224811e-09            
9.1208879e-07  -1.530496e-09            
9.2179186e-07  7.1308886e-11            
9.3149493e-07  2.1836682e-09            
9.4119801e-07  4.6836334e-09            
9.5090108e-07  7.3346452e-09            
9.6060415e-07  1.0020505e-08            
9.7030722e-07  1.253936e-08            
9.800103e-07  1.4752949e-08            
9.8971337e-07  1.6479416e-08            
9.9941644e-07  1.7527278e-08            
1.0091195e-06  1.7955083e-08            
1.0188226e-06  1.7883631e-08            
1.0285257e-06  1.7556588e-08            
1.0382287e-06  1.7211711e-08            
1.0479318e-06  1.6921764e-08            
1.0576349e-06  1.6710668e-08            
1.0673379e-06  1.657167e-08            
1.077041e-06  1.6471251e-08            
1.0867441e-06  1.6409795e-08            
1.0964472e-06  1.6334328e-08            
1.1061502e-06  1.6087783e-08            
1.1158533e-06  1.5520951e-08            
1.1255564e-06  1.4498639e-08            
1.1352595e-06  1.2923005e-08            
1.1449625e-06  1.0803386e-08            
1.1546656e-06  8.1964313e-09            
1.1643687e-06  4.9817767e-09            
1.1740717e-06  1.2461284e-09            
1.1837748e-06  -2.6512974e-09            
1.1934779e-06  -6.322337e-09            
1.203181e-06  -9.1294517e-09            
1.212884e-06  -1.0784038e-08            
1.2225871e-06  -1.1559587e-08            
1.2322902e-06  -1.1839766e-08            
1.2419932e-06  -1.2047266e-08            
1.2516963e-06  -1.2424679e-08            
1.2613994e-06  -1.306988e-08            
1.2711025e-06  -1.4000327e-08            
1.2808055e-06  -1.5060972e-08            
1.2905086e-06  -1.5865267e-08            
1.3002117e-06  -1.5561114e-08            
1.3099148e-06  -1.3263851e-08            
1.3196178e-06  -8.682085e-09            
1.3293209e-06  -2.2197755e-09            
1.339024e-06  4.9773983e-09            
1.348727e-06  1.1527265e-08            
1.3584301e-06  1.6559912e-08            
1.3681332e-06  1.9846998e-08            
1.3778363e-06  2.1696059e-08            
1.3875393e-06  2.2678335e-08            
1.3972424e-06  2.3222231e-08            
1.4069455e-06  2.3559011e-08            
1.4166485e-06  2.3814693e-08            
1.4263516e-06  2.405067e-08            
1.4360547e-06  2.4322623e-08            
1.4457578e-06  2.4668445e-08            
1.4554608e-06  2.5158058e-08            
1.4651639e-06  2.5911501e-08            
1.474867e-06  2.6817165e-08            
1.4845701e-06  2.7596246e-08            
1.4942731e-06  2.7784324e-08            
1.5039762e-06  2.6653093e-08            
1.5136793e-06  2.3872952e-08            
1.5233823e-06  1.9538588e-08            
1.5330854e-06  1.3844067e-08            
1.5427885e-06  7.2108823e-09            
1.5524916e-06  2.0665114e-10            
1.5621946e-06  -6.6301994e-09            
1.5718977e-06  -1.2635989e-08            
1.5816008e-06  -1.7086166e-08            
1.5913038e-06  -1.9867763e-08            
1.6010069e-06  -2.1382721e-08            
1.61071e-06  -2.2198074e-08            
1.6204131e-06  -2.2994796e-08            
1.6301161e-06  -2.4073453e-08            
1.6398192e-06  -2.5334602e-08            
1.6495223e-06  -2.6531087e-08            
1.6592254e-06  -2.731431e-08            
1.6689284e-06  -2.7461493e-08            
1.6786315e-06  -2.6911995e-08            
1.6883346e-06  -2.5744493e-08            
1.6980376e-06  -2.4177111e-08            
1.7077407e-06  -2.2354821e-08            
1.7174438e-06  -2.0339028e-08            
1.7271469e-06  -1.8181816e-08            
1.7368499e-06  -1.5877153e-08            
1.746553e-06  -1.3457774e-08            
1.7562561e-06  -1.0995966e-08            
1.7659591e-06  -8.5295944e-09            
1.7756622e-06  -6.1205446e-09            
1.7853653e-06  -3.80316e-09            
1.7950684e-06  -1.5801281e-09            
1.8047714e-06  5.589304e-10            
1.8144745e-06  2.6469383e-09            
1.8241776e-06  4.6814596e-09            
1.8338807e-06  6.649388e-09            
1.8435837e-06  8.5483342e-09            
1.8532868e-06  1.036803e-08            
1.8629899e-06  1.2056938e-08            
1.8726929e-06  1.3504418e-08            
1.882396e-06  1.4582296e-08            
1.8920991e-06  1.5155819e-08            
1.9018022e-06  1.5238552e-08            
1.9115052e-06  1.4982269e-08            
1.9212083e-06  1.4551249e-08            
1.9309114e-06  1.4143071e-08            
1.9406144e-06  1.3842115e-08            
1.9503175e-06  1.3605274e-08            
1.9600206e-06  1.3358459e-08            
1.9697237e-06  1.2977105e-08            
1.9794267e-06  1.2394664e-08            
1.9891298e-06  1.1613602e-08            
1.9988329e-06  1.0648667e-08            
2.008536e-06  9.5704814e-09            
2.018239e-06  8.4106965e-09            
2.0279421e-06  7.1883706e-09            
2.0376452e-06  5.9542534e-09            
2.0473482e-06  4.7122322e-09            
2.0570513e-06  3.4674492e-09            
2.0667544e-06  2.2305908e-09            
2.0764575e-06  1.0126122e-09            
2.0861605e-06  -1.527484e-10            
2.0958636e-06  -1.2095236e-09            
2.1055667e-06  -2.1085429e-09            
2.1152697e-06  -2.8322707e-09            
2.1249728e-06  -3.3417442e-09            
2.1346759e-06  -3.6231094e-09            
2.144379e-06  -3.7170837e-09            
2.154082e-06  -3.6669651e-09            
2.1637851e-06  -3.5624505e-09            
2.1734882e-06  -3.4745804e-09            
2.1831913e-06  -3.4102279e-09            
2.1928943e-06  -3.3320596e-09            
2.2025974e-06  -3.2360595e-09            
2.2123005e-06  -3.1174531e-09            
2.2220035e-06  -2.9825514e-09            
2.2317066e-06  -2.9304151e-09            
2.2414097e-06  -2.9109617e-09            
2.2511128e-06  -2.8850983e-09            
2.2608158e-06  -2.8513308e-09            
2.2705189e-06  -2.7077431e-09            
2.280222e-06  -2.488881e-09            
2.289925e-06  -2.2128644e-09            
2.2996281e-06  -1.8675791e-09            
2.3093312e-06  -1.5176971e-09            
2.3190343e-06  -1.1723695e-09            
2.3287373e-06  -8.6232e-10            
2.3384404e-06  -6.2271995e-10            
2.3481435e-06  -4.0607833e-10            
2.3578466e-06  -1.858199e-10            
2.3675496e-06  6.8807557e-11            
2.3772527e-06  3.8348239e-10            
2.3869558e-06  7.0526287e-10            
2.3966588e-06  9.7234245e-10            
2.4063619e-06  1.1304171e-09            
2.416065e-06  1.1867763e-09            
2.4257681e-06  1.1510981e-09            
2.4354711e-06  1.0483241e-09            
2.4451742e-06  9.215475e-10            
2.4548773e-06  7.3258039e-10            
2.4645803e-06  5.1293431e-10            
2.4742834e-06  3.2928081e-10            
2.4839865e-06  1.852718e-10            
2.4936896e-06  9.6149434e-11            
2.5033926e-06  4.7672688e-11            
2.5130957e-06  -3.9097934e-11            
2.5227988e-06  -1.7854692e-10            
2.5325019e-06  -3.2119536e-10            
2.5422049e-06  -4.4891839e-10            
2.551908e-06  -5.227877e-10            
2.5616111e-06  -5.1448086e-10            
2.5713141e-06  -4.6059358e-10            
2.5810172e-06  -3.5665395e-10            
2.5907203e-06  -1.8565831e-10            
2.6004234e-06  3.9583777e-11            
2.6101264e-06  2.8873969e-10            
2.6198295e-06  4.9954246e-10            
2.6295326e-06  6.712478e-10            
2.6392356e-06  8.1032001e-10            
2.6489387e-06  9.2104246e-10            
2.6586418e-06  1.0296251e-09            
2.6683449e-06  1.062213e-09            
2.6780479e-06  9.5955016e-10            
2.687751e-06  7.9396083e-10            
2.6974541e-06  6.2052997e-10            
2.7071572e-06  4.8810556e-10            
2.7168602e-06  5.1207625e-10            
2.7265633e-06  6.2805683e-10            
2.7362664e-06  7.4047e-10            
2.7459694e-06  8.5204081e-10            
2.7556725e-06  8.2886687e-10            
2.7653756e-06  6.8098232e-10            
2.7750787e-06  4.9379967e-10            
2.7847817e-06  2.7060781e-10            
2.7944848e-06  9.4265437e-11            
2.8041879e-06  -2.8679788e-11            
2.8138909e-06  -1.1816678e-10            
2.823594e-06  -1.6682544e-10            
2.8332971e-06  -1.8509021e-10            
2.8430002e-06  -1.6360412e-10            
2.8527032e-06  -1.4499425e-10            
2.8624063e-06  -1.6359291e-10            
2.8721094e-06  -2.2315176e-10            
2.8818125e-06  -3.4171494e-10            
2.8915155e-06  -4.40068e-10            
2.9012186e-06  -4.577436e-10            
2.9109217e-06  -4.0610725e-10            
2.9206247e-06  -2.7091471e-10            
2.9303278e-06  -1.4490141e-10            
2.9400309e-06  -1.0090016e-10            
2.949734e-06  -1.4683574e-10            
2.959437e-06  -2.9068883e-10            
2.9691401e-06  -4.5148586e-10            
2.9788432e-06  -5.7573376e-10            
2.9885462e-06  -6.2784442e-10            
2.9982493e-06  -5.9550544e-10            
3.0079524e-06  -5.3490196e-10            
3.0176555e-06  -4.5493302e-10            
3.0273585e-06  -3.687455e-10            
3.0370616e-06  -2.7141158e-10            
